-0.06053337 0.00000000 0.00000000
0.00000000 0.00000000 0.00000000
0.00000000 0.00000000 -0.02834875
-0.02190837 0.02863394 0.00000000
-0.07465144 0.00000000 0.00000000
-0.06053337 -0.06624375 0.00000000
0.00000000 0.00000000 0.00000000
0.00000000 -0.02884755 -0.02189545
0.02815545 0.04269111 0.00000000
0.00000000 -0.06046478 0.00000000
0.00000000 0.00000000 0.00000000
-0.02141178 0.02766099 -0.00435570
-0.00027993 0.00000000 0.00000000
0.00000000 -0.02091477 0.02816913
0.04269111 -0.00435227 -0.00125480
-0.01222481 -0.05985101 -0.06577533
0.00000000 0.00000000 -0.02092658
0.04324464 -0.00388161 -0.01485600
-0.00125305 -0.01275055 -0.06140590
0.00000000 -0.02143613 0.02816913
-0.02550401 -0.02908263 -0.00340475
0.02196629 -0.00125475 -0.01637719
-0.01275055 -0.01577134 -0.06060790
-0.04661472 -0.02143613 0.02767334
-0.02752909 0.03665293 -0.01991847
-0.00293097 0.00271177 0.00646648
0.02298032 -0.01688811 -0.00321139
-0.00026294 -0.00316928 0.00507290
-0.03744105 -0.01578981 -0.06008372
-0.02698484 -0.02144972 0.03410334
-0.01991847 -0.00293313 0.00364808
-0.01776548 0.02271927 -0.01638258
-0.00321168 0.02298032 0.00022174
0.00701615 -0.03888775 -0.02027592
-0.01476314 -0.21595393 0.00000000
0.00000000 0.00000000 0.00000000
0.00000000 0.00000000 0.00000000
-0.14576091 -0.14379080 -0.14382192
0.00000000 -0.12912664 0.00000000
0.00000000 -0.21595393 -0.20698650
0.00000000 0.00000000 0.00000000
0.00000000 0.00000000 -0.14576079
-0.14444987 -0.14316736 -0.14249647
0.00000000 0.00000000 -0.21514566
0.00000000 0.00000000 0.00000000
0.00000000 -0.14379267 -0.14317162
-0.11343751 -0.09603083 0.00000000
0.00000000 0.00000000 -0.14379437
-0.14250651 -0.14249647 -0.11218888
-0.09602253 -0.09088778 -0.21576008
-0.20850989 0.00000000 0.00000000
-0.14313415 -0.14184514 -0.11407116
-0.09655529 -0.09733029 -0.09081870
-0.21711729 0.00000000 -0.14247188
-0.14250651 -0.14049439 -0.13917731
-0.11345634 -0.09734755 -0.09667192
-0.09385340 -0.09081870 -0.04972871
-0.21677171 -0.14482853 -0.14247188
-0.14250997 -0.14050113 -0.14048329
-0.12245846 -0.11346399 -0.11162357
-0.11158573 -0.09664851 -0.09449994
-0.09533320 -0.08773967 -0.08194200
-0.08184223 -0.06967217 -0.04761899
-0.21751009 -0.14182223 -0.14181124
-0.14180028 -0.12245846 -0.11408617
-0.11410234 -0.10594618 -0.10625723
-0.09650714 -0.09728163 -0.09664851
-0.08773658 -0.08313662 -0.07388801
-0.06417834 -0.04697299 0.45470345
0.00000000 0.00000000 0.00000000
0.00000000 0.00000000 0.00000000
0.00000000 0.41614822 0.41702110
0.41806597 0.00000000 0.45917755
0.00000000 0.00000000 0.45470345
0.45717266 0.00000000 0.00000000
0.00000000 0.00000000 0.00000000
0.41614488 0.41678107 0.41853699
0.41845274 0.00000000 0.00000000
0.45414531 0.00000000 0.00000000
0.00000000 0.00000000 0.41708389
0.41868687 0.38823009 0.40401277
0.00000000 0.00000000 0.00000000
0.41714126 0.41882378 0.41845274
0.38805234 0.40413296 0.41165835
0.45352039 0.45772001 0.00000000
0.00000000 0.41736919 0.41911975
0.38804299 0.41566864 0.40398893
0.41253790 0.45740175 0.00000000
0.41754499 0.41882378 0.41860029
0.41959953 0.38767400 0.41370651
0.40412873 0.41626790 0.41253790
0.42592838 0.45530990 0.42893848
0.41754499 0.41895115 0.41889274
0.41811791 0.41721705 0.38744804
0.38641682 0.38741490 0.41426378
0.41653761 0.40470436 0.40233946
0.40211311 0.40312243 0.42945075
0.42638302 0.45542985 0.41822949
0.41780230 0.41737622 0.41721705
0.38758096 0.38708347 0.41387960
0.40731680 0.41639429 0.40472230
0.41426378 0.40237513 0.40313360
0.42839751 0.42439976 0.42618021
