0.00549 0.00413 -0.00558
0.00939 0.00234 0.00099
-0.00353 -0.00034 -0.00166
0.00000 -0.02383 -0.00870
-0.02445 -0.00725 -0.00490
0.00640 -0.02445 0.00000
0.00000 -0.00391 -0.00490
-0.00036 0.00054 -0.00404
0.00617 -0.00725 0.00232
0.00368 0.00939 0.01311
0.01251 -0.00686 0.00939
-0.00001 -0.02483 -0.00782
0.00189 -0.00399 -0.00628
0.03103 -0.00759 0.00000
0.00000 0.00000 0.00831
0.00301 -0.00399 0.00000
0.00000 -0.00837 0.00000
0.00000 0.00000 0.01251
0.00000 -0.00759 0.00000
-0.00798 -0.00593 0.00831
0.00353 -0.00349 -0.00502
0.00000 0.00000 -0.00504
0.01140 0.00000 0.00000
-0.00644 -0.00759 0.00000
0.00000 0.00367 0.00000
0.00780 0.00000 -0.00749
0.00000 -0.00922 0.01075
0.00000 -0.00414 -0.00267
-0.00367 0.00891 -0.00519
0.00000 0.00000 0.00000
0.00000 -0.01220 0.00000
0.00000 0.00000 0.00248
0.00512 0.00000 0.00000
0.00000 0.00000 0.00000
0.00343 0.02134 -0.01030
-0.02604 -0.00348 -0.01163
-0.02119 -0.00414 -0.00267
-0.20044 -0.20095 -0.12024
-0.12228 -0.20420 -0.20425
-0.20328 -0.20626 -0.20772
0.00000 -0.20326 -0.05248
-0.20758 -0.11742 -0.20263
-0.20007 -0.20758 0.00000
0.00000 -0.20684 -0.20263
-0.20415 -0.20424 -0.20029
-0.12693 -0.11742 -0.20137
-0.20108 -0.12228 -0.04789
-0.04743 -0.05425 -0.12228
-0.19475 -0.20847 -0.11631
-0.20423 -0.20309 -0.20166
-0.18239 -0.04795 0.00000
0.00000 0.00000 -0.12316
-0.12834 -0.20309 0.00000
0.00000 -0.11572 0.00000
0.00000 0.00000 -0.04743
0.00000 -0.04795 0.00000
-0.02863 -0.21587 -0.12416
-0.12931 -0.20531 -0.21747
0.00000 0.00000 -0.05520
-0.03777 0.00000 0.00000
-0.04432 -0.04795 0.00000
0.00000 -0.19804 0.00000
-0.19506 0.00000 -0.20686
0.00000 -0.02947 -0.04061
0.00000 -0.21782 -0.20097
-0.21938 -0.03876 -0.04565
0.00000 0.00000 0.00000
0.00000 -0.05689 0.00000
0.00000 0.00000 -0.12851
-0.12693 0.00000 0.00000
0.00000 0.00000 0.00000
-0.07678 -0.03626 -0.03655
-0.06750 -0.03656 -0.05606
-0.21726 -0.21782 -0.20097
0.40429 0.40434 0.39520
0.39610 0.40522 0.40523
0.40514 0.40599 0.40671
0.00000 0.40995 0.42047
0.41206 0.39567 0.40509
0.40426 0.41206 0.00000
0.00000 0.40664 0.40509
0.40522 0.40522 0.40428
0.39652 0.39567 0.40438
0.40435 0.39610 0.42111
0.42109 0.41813 0.39610
0.40258 0.41272 0.39557
0.40522 0.40513 0.40500
0.40714 0.42274 0.00000
0.00000 0.00000 0.39547
0.39594 0.40513 0.00000
0.00000 0.39623 0.00000
0.00000 0.00000 0.42109
0.00000 0.42274 0.00000
0.42795 0.41148 0.39627
0.39673 0.40591 0.41217
0.00000 0.00000 0.41657
0.42322 0.00000 0.00000
0.42343 0.42274 0.00000
0.00000 0.40348 0.00000
0.40322 0.00000 0.40724
0.00000 0.42797 0.42249
0.00000 0.41220 0.40434
0.41289 0.42242 0.42266
0.00000 0.00000 0.00000
0.00000 0.42064 0.00000
0.00000 0.00000 0.39595
0.39581 0.00000 0.00000
0.00000 0.00000 0.00000
0.42989 0.42896 0.42566
0.42418 0.42318 0.42061
0.41624 0.41220 0.40434
