0.00000 0.00000 -0.07266
0.00000 -0.06823 -0.06753
-0.06896 0.00000 0.00000
0.00000 0.00000 -0.06807
0.00000 -0.06794 0.00000
0.00000 -0.06814 -0.06924
-0.06726 -0.06859 0.00000
-0.06978 -0.06475 0.00000
-0.06262 -0.07174 0.00000
-0.07206 0.00000 0.00000
0.00000 0.00000 0.00000
0.00000 0.00000 0.00000
0.00000 0.00000 0.00000
0.00000 0.00000 0.00000
0.00000 -0.06842 0.00000
0.00000 0.00000 0.00000
0.00000 0.00000 0.00000
0.00000 0.00000 0.00000
-0.06864 -0.06714 0.00000
-0.06830 0.00000 0.00000
-0.06842 0.00000 0.00000
-0.06982 0.00000 -0.06310
0.00000 0.00000 0.00000
-0.06753 0.00000 0.00000
-0.06891 -0.06814 0.00000
0.00000 0.00000 -0.06262
0.00000 0.00000 0.00000
0.00000 -0.07171 0.00000
0.00000 -0.06475 0.00000
0.00000 -0.07191 0.00000
0.00000 0.00000 0.00000
0.00000 0.00000 0.00000
0.00000 0.00000 0.00000
0.00000 0.00000 -0.07135
0.00000 0.00000 0.00000
0.00000 -0.06887 -0.06262
-0.06734 -0.06812 -0.06310
0.00000 -0.06436 0.00000
-0.06858 0.00000 0.00000
-0.06753 0.00000 -0.06475
0.00000 0.00000 0.00000
-0.06937 0.00000 0.00000
0.00000 0.00000 -0.07174
0.00000 0.00000 0.00000
0.00000 -0.07210 0.00000
0.00000 0.00000 0.00000
0.00000 0.00000 0.00000
0.00000 0.00000 0.00000
0.00000 0.00000 -0.06266
0.00000 0.00000 -0.06714
-0.06855 0.00000 0.00000
0.00000 -0.06357 -0.06891
0.00000 0.00000 -0.06502
0.00000 0.00000 0.00000
-0.06878 0.00000 -0.07209
-0.06750 -0.06937 0.00000
0.00000 0.00000 -0.06199
0.00000 0.00000 0.00000
0.00000 0.00000 0.00000
0.00000 0.00000 0.00000
0.00000 0.00000 0.00000
0.00000 -0.06290 -0.06408
0.00000 0.00000 0.00000
0.00000 0.00000 -0.06730
0.00000 -0.07191 -0.06843
-0.06910 0.00000 0.00000
-0.07157 -0.06170 -0.06873
0.00000 0.00000 -0.07221
-0.06698 0.00000 0.00000
0.00000 0.00000 0.00000
0.00000 0.00000 0.00000
0.00000 -0.06750 -0.06734
0.00000 -0.06886 -0.07187
-0.06463 0.00000 0.00000
0.00000 0.00000 0.00000
0.00000 0.00000 -0.06296
0.00000 0.00000 -0.06954
0.00000 0.00000 -0.07218
-0.06176 0.00000 0.00000
0.00000 0.00000 -0.06955
-0.07168 -0.06898 0.00000
0.00000 -0.06272 0.00000
0.00000 0.00000 0.00000
-0.06750 -0.06459 0.00000
-0.07240 0.00000 0.00000
0.00000 0.00000 0.00000
0.00000 0.00000 0.00000
0.00000 0.00000 -0.07171
-0.06937 0.00000 0.00000
-0.06253 0.00000 0.00000
0.00000 0.00000 0.00000
0.00000 0.00000 -0.11723
0.00000 -0.10089 -0.09261
-0.09767 0.00000 0.00000
0.00000 0.00000 -0.09763
0.00000 -0.09860 0.00000
0.00000 -0.09482 -0.09996
-0.09699 -0.09817 0.00000
-0.10039 -0.08592 0.00000
-0.08591 -0.11358 0.00000
-0.11537 0.00000 0.00000
0.00000 0.00000 0.00000
0.00000 0.00000 0.00000
0.00000 0.00000 0.00000
0.00000 0.00000 0.00000
0.00000 -0.09272 0.00000
0.00000 0.00000 0.00000
0.00000 0.00000 0.00000
0.00000 0.00000 0.00000
-0.09782 -0.09559 0.00000
-0.10038 0.00000 0.00000
-0.09272 0.00000 0.00000
-0.10009 0.00000 -0.08446
0.00000 0.00000 0.00000
-0.09261 0.00000 0.00000
-0.09798 -0.09482 0.00000
0.00000 0.00000 -0.08591
0.00000 0.00000 0.00000
0.00000 -0.11379 0.00000
0.00000 -0.08592 0.00000
0.00000 -0.10212 0.00000
0.00000 0.00000 0.00000
0.00000 0.00000 0.00000
0.00000 0.00000 0.00000
0.00000 0.00000 -0.11025
0.00000 0.00000 0.00000
0.00000 -0.09831 -0.08591
-0.09639 -0.09951 -0.08446
0.00000 -0.08665 0.00000
-0.09376 0.00000 0.00000
-0.09261 0.00000 -0.08592
0.00000 0.00000 0.00000
-0.10118 0.00000 0.00000
0.00000 0.00000 -0.11358
0.00000 0.00000 0.00000
0.00000 -0.10280 0.00000
0.00000 0.00000 0.00000
0.00000 0.00000 0.00000
0.00000 0.00000 0.00000
0.00000 0.00000 -0.08559
0.00000 0.00000 -0.09559
-0.10073 0.00000 0.00000
0.00000 -0.08561 -0.09798
0.00000 0.00000 -0.08619
0.00000 0.00000 0.00000
-0.09453 0.00000 -0.11516
-0.09288 -0.10118 0.00000
0.00000 0.00000 -0.07834
0.00000 0.00000 0.00000
0.00000 0.00000 0.00000
0.00000 0.00000 0.00000
0.00000 0.00000 0.00000
0.00000 -0.08612 -0.08640
0.00000 0.00000 0.00000
0.00000 0.00000 -0.09440
0.00000 -0.10212 -0.09938
-0.09435 0.00000 0.00000
-0.11277 -0.07818 -0.09716
0.00000 0.00000 -0.11633
-0.09224 0.00000 0.00000
0.00000 0.00000 0.00000
0.00000 0.00000 0.00000
0.00000 -0.09288 -0.09410
0.00000 -0.10064 -0.11471
-0.08692 0.00000 0.00000
0.00000 0.00000 0.00000
0.00000 0.00000 -0.08051
0.00000 0.00000 -0.09558
0.00000 0.00000 -0.10225
-0.07761 0.00000 0.00000
0.00000 0.00000 -0.09770
-0.11401 -0.10193 0.00000
0.00000 -0.07999 0.00000
0.00000 0.00000 0.00000
-0.09288 -0.08724 0.00000
-0.10279 0.00000 0.00000
0.00000 0.00000 0.00000
0.00000 0.00000 0.00000
0.00000 0.00000 -0.11379
-0.10118 0.00000 0.00000
-0.07900 0.00000 0.00000
0.00000 0.00000 0.00000
0.00000 0.00000 0.46268
0.00000 0.45908 0.46466
0.46447 0.00000 0.00000
0.00000 0.00000 0.46076
0.00000 0.45967 0.00000
0.00000 0.46404 0.46332
0.45866 0.46233 0.00000
0.46541 0.46492 0.00000
0.45844 0.46539 0.00000
0.46582 0.00000 0.00000
0.00000 0.00000 0.00000
0.00000 0.00000 0.00000
0.00000 0.00000 0.00000
0.00000 0.00000 0.00000
0.00000 0.46733 0.00000
0.00000 0.00000 0.00000
0.00000 0.00000 0.00000
0.00000 0.00000 0.00000
0.46287 0.45923 0.00000
0.45962 0.00000 0.00000
0.46733 0.00000 0.00000
0.46595 0.00000 0.46173
0.00000 0.00000 0.00000
0.46466 0.00000 0.00000
0.46392 0.46404 0.00000
0.00000 0.00000 0.45844
0.00000 0.00000 0.00000
0.00000 0.46589 0.00000
0.00000 0.46492 0.00000
0.00000 0.47269 0.00000
0.00000 0.00000 0.00000
0.00000 0.00000 0.00000
0.00000 0.00000 0.00000
0.00000 0.00000 0.46811
0.00000 0.00000 0.00000
0.00000 0.46338 0.45844
0.45921 0.45965 0.46173
0.00000 0.46274 0.00000
0.46675 0.00000 0.00000
0.46466 0.00000 0.46492
0.00000 0.00000 0.00000
0.46275 0.00000 0.00000
0.00000 0.00000 0.46539
0.00000 0.00000 0.00000
0.00000 0.47266 0.00000
0.00000 0.00000 0.00000
0.00000 0.00000 0.00000
0.00000 0.00000 0.00000
0.00000 0.00000 0.45899
0.00000 0.00000 0.45923
0.46014 0.00000 0.00000
0.00000 0.46169 0.46392
0.00000 0.00000 0.46545
0.00000 0.00000 0.00000
0.46672 0.00000 0.46532
0.46412 0.46275 0.00000
0.00000 0.00000 0.46686
0.00000 0.00000 0.00000
0.00000 0.00000 0.00000
0.00000 0.00000 0.00000
0.00000 0.00000 0.00000
0.00000 0.45897 0.46220
0.00000 0.00000 0.00000
0.00000 0.00000 0.46087
0.00000 0.47269 0.46071
0.46779 0.00000 0.00000
0.46594 0.46577 0.46396
0.00000 0.00000 0.46220
0.46307 0.00000 0.00000
0.00000 0.00000 0.00000
0.00000 0.00000 0.00000
0.00000 0.46412 0.46141
0.00000 0.46119 0.46585
0.46327 0.00000 0.00000
0.00000 0.00000 0.00000
0.00000 0.00000 0.46623
0.00000 0.00000 0.46827
0.00000 0.00000 0.47321
0.46744 0.00000 0.00000
0.00000 0.00000 0.46711
0.46640 0.46062 0.00000
0.00000 0.46625 0.00000
0.00000 0.00000 0.00000
0.46412 0.46272 0.00000
0.47318 0.00000 0.00000
0.00000 0.00000 0.00000
0.00000 0.00000 0.00000
0.00000 0.00000 0.46589
0.46275 0.00000 0.00000
0.46738 0.00000 0.00000
0.00000 0.00000 0.00000
