0.00556 0.00410 -0.00463
0.00896 0.00216 0.00071
-0.00415 -0.00075 -0.00221
0.03303 -0.02702 -0.00579
-0.02801 -0.00609 -0.00561
0.00653 -0.02801 0.03581
0.03253 -0.00464 -0.00561
-0.00075 0.00022 -0.00463
0.00604 -0.00609 0.00216
0.00362 0.00896 0.01121
0.01073 -0.00436 0.00896
-0.00026 -0.02851 -0.00658
0.00168 -0.00463 -0.00708
0.03253 -0.00483 0.02715
-0.02009 -0.01798 0.00799
0.00313 -0.00463 -0.01797
0.03253 -0.00707 0.00314
-0.01958 -0.02060 0.01073
0.02715 -0.00483 -0.00952
-0.00488 -0.00715 0.00799
0.00362 -0.00415 -0.00617
0.02662 -0.01697 -0.00293
0.00979 -0.01704 -0.01907
-0.00388 -0.00483 -0.01794
-0.01907 0.00362 0.02562
0.00799 -0.00126 -0.00859
-0.00273 -0.00586 0.00931
0.00362 -0.00518 -0.00317
-0.00469 0.00788 -0.00293
-0.00174 0.02458 0.01246
-0.01843 -0.00873 -0.01552
0.00266 -0.02008 0.00265
0.00507 -0.00518 0.01245
0.00362 -0.01806 0.02512
0.00364 0.01772 -0.00681
-0.02136 -0.00152 -0.00823
-0.02496 -0.00518 -0.00317
-0.08768 -0.08771 -0.08581
-0.08635 -0.08836 -0.08837
-0.08836 -0.08901 -0.08964
-0.09054 -0.09233 -0.11152
-0.09435 -0.08642 -0.08834
-0.08766 -0.09435 -0.12644
-0.09054 -0.08962 -0.08834
-0.08838 -0.08837 -0.08772
-0.08639 -0.08642 -0.08773
-0.08772 -0.08635 -0.11209
-0.11211 -0.10967 -0.08635
-0.08647 -0.09503 -0.08641
-0.08836 -0.08836 -0.08829
-0.09121 -0.11343 -0.12846
-0.13047 -0.14183 -0.08572
-0.08579 -0.08836 -0.14249
-0.09054 -0.08703 -0.13491
-0.13181 -0.12980 -0.11211
-0.12846 -0.11343 -0.08566
-0.11776 -0.09390 -0.08637
-0.08643 -0.08899 -0.09459
-0.12779 -0.14316 -0.10844
-0.11400 -0.13382 -0.13248
-0.11407 -0.11343 -0.14381
-0.13248 -0.08708 -0.12913
-0.08700 -0.14990 -0.09009
-0.14670 -0.11773 -0.11339
-0.13555 -0.09463 -0.08774
-0.09528 -0.11343 -0.11346
-0.14990 -0.12846 -0.14814
-0.14447 -0.11137 -0.13449
-0.13426 -0.13248 -0.08580
-0.08577 -0.15061 -0.14879
-0.13426 -0.13248 -0.12979
-0.11844 -0.11810 -0.11583
-0.11316 -0.11410 -0.11140
-0.09841 -0.09463 -0.08774
0.40303 0.40267 0.40223
0.40339 0.40261 0.40254
0.40260 0.40261 0.40283
0.41604 0.41881 0.38914
0.41861 0.40265 0.40294
0.40322 0.41861 0.42060
0.41603 0.40312 0.40294
0.40247 0.40251 0.40254
0.40293 0.40265 0.40250
0.40256 0.40339 0.39079
0.39034 0.38822 0.40339
0.40209 0.41853 0.40279
0.40259 0.40269 0.40345
0.41608 0.38857 0.41838
0.42064 0.41850 0.40318
0.40241 0.40269 0.41828
0.41603 0.40306 0.39910
0.42053 0.42072 0.39034
0.41838 0.38857 0.40383
0.39100 0.40649 0.40325
0.40250 0.40279 0.40606
0.41778 0.41830 0.38762
0.39016 0.42001 0.42041
0.38804 0.38857 0.41778
0.42041 0.40254 0.41780
0.40336 0.40420 0.40524
0.40542 0.39232 0.38954
0.39946 0.40551 0.40236
0.40544 0.38858 0.38745
0.40428 0.41682 0.40903
0.41739 0.39309 0.41980
0.39866 0.42048 0.40236
0.40271 0.40559 0.40876
0.39885 0.42024 0.41781
0.38896 0.40378 0.39221
0.41614 0.38711 0.39229
0.41794 0.40551 0.40236
